sample	group	Aeromonas	Afifella	Bacillus	Bdellovibrio	Bowmanella	Clostridium	Ectothiorhodospira	Enterobacter	Enterococcus	Exiguobacterium	Glutamicibacter	Lactobacillus	Lactococcus	Marinomonas	Phaeobacter	Pseudoalteromonas	Pseudomonas	Rhodobacter	Rhodopseudomonas	Shewanella	Staphylococcus	Streptococcus	Streptomyces	Vibrio	Weissella
IL1	I-Genetic 1	0.000399872	0	0.000579814	0	1E-05	2E-05	1E-05	0.000589811	0	0	1E-05	0	0	2E-05	0	0.003168986	0.00033	0	0	0.000369882	5E-05	1E-05	3E-05	0.854	0
IL2	I-Genetic 1	0.001328904	0	0.005813953	0	0	0.000664452	0	0.000830565	0	0	0	0	0	0	0	0.054318937	0.000830565	0	0	0.001495017	0	0	0	0.336212625	0
IL3	I-Genetic 1	0.000448109	0	0.011919699	0	0	0.0857	0	0.000179	0	0	0	0	0	8.96E-05	0.000179	0.00654	0.000448109	0	0	0.001702814	8.96E-05	0	0.000179244	0.141	0
IL4	I-Genetic 1	0.000186892	0	0.000258773	0	0	5.75E-05	0	5.75E-05	0	0	0	0	0	0	0	0.00352	0.000819448	0	0	0.001466381	0	0	0	0.024597823	0
IL6	I-Genetic 1	0.000426823	1.58E-05	0.0047741	3.16E-05	1.58E-05	0.000316	0	0.000379399	1.58E-05	0	0	3.16E-05	1.58E-05	0	1.58E-05	0.00484	0.000932688	1.58E-05	0	0.001675677	3.16E-05	0	3.16E-05	0.236523444	1.58E-05
IL8	I-Genetic 1	0.00099841	0	0.000850497	3.7E-05	0	0.000147913	0	0.000961432	0	0.000258847	3.7E-05	0	7.4E-05	0.000258847	0	0.008320083	0.001553082	0	0	0.000295825	0.00263	0.000147913	0.000148	0.43497393	0
IA2	I-Genetic 2	0.000269442	0	0.000262352	0	0	3.55E-05	0	0.000425435	0	0	0	0	0	7.09E-06	7.09E-06	0.00399	0.000177265	0	0	0.000467979	0	0	6.38E-05	0.701	0
IA3	I-Genetic 2	0.00016104	0	0.001572506	2.84E-05	9.47E-06	0.000549	0	0.000483119	0	0	0	0	0	9.47E-06	0	0.00355	0.000246296	0	9.47E-06	0.00038839	0	0	3.79E-05	0.848	0
IA4	I-Genetic 2	0.000439638	0	0.001494768	0	0	0	0	0.000175855	0	0	0	0	0	0	0	0.005275653	0	0	0	0.001406841	8.79E-05	0	0	0.069111052	0
IA5	I-Genetic 2	0.000112182	0	0.000196318	0	0	2.8E-05	0	0.000224363	0	0	0	0	0	0	0	0.0214	0.00021034	0	0	0.000112182	0	0	0	0.097415618	0
IA7	I-Genetic 2	0.000272905	0	0.0004923	2.68E-06	2.68E-06	4.01E-05	0	0.000262	5.35E-06	0	0	0	0	2.68E-06	8.03E-06	0.00154	0.000401331	0	0	0.000131102	5.35E-06	5.35E-06	1.61E-05	0.141	0
IA8	I-Genetic 2	3.37E-05	0	0.000236223	0	0	0	0	0.000236223	0	0	0	0	0	0	0	0.001349846	0.000404954	0	0	3.37E-05	0	0	0.000101238	0.275334931	0
IA9	I-Genetic 2	0.000151729	0	0.002557711	2.17E-05	2.17E-05	0.007131245	0	0.000108378	0	0	0	0	0	0	2.17E-05	0.001148802	0.000520212	0	0	4.34E-05	2.17E-05	0	0	0.051175897	0.000108378
7A	i-sano	0	0	0.00070373	0	0	0	0	0	0	0	0	0	0	0	0	0.008947421	0.000100533	0	0	0	0.000100533	0.000100533	0.000100533	0.821252639	0
68-BI	i-sano	0	1.14E-05	0.000335005	7.61E-06	0	0.0125	0	0	0	1.9E-05	0	0	0	0	0	0.0146	1.52E-05	0	0	3.81E-06	1.52E-05	4.19E-05	3.81E-05	0.107757259	0
139-I	i-sano	0	0	0.002516628	0	0	0.000179759	0	0	0	0	0	0	0	8.99E-05	0	0.014920007	0	0	0	0	0	8.99E-05	0	0.675	0
2-BI	i-enfermo	0	0	0.000627233	0	0	6.82E-05	0	0	0	2.05E-05	0	0	0	0	0	0.00588	5.45E-05	0	0	6.82E-06	7.5E-05	6.14E-05	0.000102266	0.451041752	0
27-BI	i-enfermo	0	0	0.000608707	8.4E-05	0	4.2E-05	0	0	0	0	0	0	0	0	0	0.00356828	6.3E-05	2.1E-05	0	6.3E-05	4.2E-05	8.4E-05	0.000104949	0.03406658	0
49-BI	i-enfermo	0	0	0.000594707	0.000297354	0	0.000148677	0	0	0	0	0	0	0	0	0	0.004460303	0	0	0	0	0	0	0.000148677	0.39622361	0
HL1	H-Genetic 1	2.59E-05	0	0.004748437	0.000103791	0	0	0	0.000181634	0	5.19E-05	0	0.000285425	0	0	0	0.00103791	0.004281377	0	0.00023353	5.19E-05	0	0.000259477	2.59E-05	0.28363476	0
HL2	H-Genetic 1	0.000806452	0	0.005791789	7.33E-05	0	0.000513196	0	0.000513196	0	0	0	0	0	0	3.67E-05	0.036840176	0.001136364	0	0.000183284	0.001392962	0.000256598	7.33E-05	7.33E-05	0.201942815	0
HL4	H-Genetic 1	0.000127508	0	0.003458663	1.59E-05	0	0.000159385	0	0.000940374	1.59E-05	0	0	0	1.59E-05	3.19E-05	0	0.002167642	0.000589726	3.19E-05	3.19E-05	0.000191262	7.97E-05	0.00011157	3.19E-05	0.606	0
HL5	H-Genetic 1	0.001333514	0	0.003299882	9.04E-05	0	9.04E-05	0	0.000158214	0	0	0	2.26E-05	2.26E-05	2.26E-05	0	0.002147184	0.000406835	0	4.52E-05	0.002983455	0.000226019	0	2.26E-05	0.247	0
HL7	H-Genetic 1	0.001288919	0	0.009586337	0.000281951	0	0.000161	0	0.000684738	0	0	0	0	0	0	0	0.00947	0.004027873	0	4.03E-05	0.003786201	0.000684738	0.000120836	0	0.274821767	4.03E-05
HA1	H-Genetic 2	0.000646914	0	0.008151119	0.00271704	0	0	0	0	0	0	0	0.000129383	0	0	0.000129383	0.004787165	0.023159529	0	0.000388149	0.000776297	0.001293828	0.001164446	0	0.034674602	0.000129383
HA2	H-Genetic 2	0.000625167	0	0.003393766	0.000357239	0	0.000357	0	0.000357239	0	0.000178619	0	0.000357239	0	0	0	0.005	0.004554791	0	0.000178619	0.000357239	0.000982406	0.000267929	0	0.512369385	0
HA5	H-Genetic 2	8.27E-05	0	0.00430072	0	0	0.000165412	0	0.000165412	0	0.000248118	0	0.000248118	8.27E-05	0	0	0.045157555	0.005127781	0	8.27E-05	0.000330825	0	0	0	0.141841039	0
HA7	H-Genetic 2	2.91E-05	0	0.005355376	0.000145527	0	0	0	8.73E-05	0	0	0	2.91E-05	0	0	0	0.000844054	0.001193317	0	0.000145527	0.000145527	0.000203737	0	0	0.283398335	0
HA8	H-Genetic 2	2.91E-05	0	0.002443707	2.91E-05	0	2.91E-05	0	0.000320009	0	2.91E-05	0	5.82E-05	8.73E-05	0	0	0.00145	0.001221854	0	8.73E-05	0.000116	5.82E-05	0.00032	5.82E-05	0.350264735	0
